,0000 - cctns.txt,0000 - gamma j.txt,0000 - inventory.txt,1995 - gemini.txt,1995 - Landsat7.txt,1997 - Modis.txt,1998 - themas.txt,1999 - Defense.txt,1999 - multi-mahjong.txt,1999 - tcs.txt,2000 - Barrel.txt,2000 - nasa x38.txt,2001 - beyond.txt,2001 - ctc network.txt,2001 - elsfork.txt,2001 - esa.txt,2001 - hats.txt,2001 - npac.txt,2002 - evla back.txt,2002 - evla corr.txt,2003 - agentmom.txt,2003 - pnnl.txt,2003 - qheadache.txt,2003 - tachonet.txt,2004 - colorcast.txt,2004 - grid bgc.txt,2004 - rlcs.txt,2004 - SGVTraffic.txt,2004 - sprat.txt,2005 - clarus high.txt,2005 - clarus low.txt,2005 - grid 3D.txt,2005 - nenios.txt,2005 - phin.txt,2005 - pontis.txt,2005 - triangle.txt,2005 - znix.txt,2006 - eirene sys 15.txt,2006 - stewards.txt,2007 - e-store.txt,2007 - eirene fun 7.txt,2007 - ertms.txt,2007 - get real 0.2.txt,2007 - mdot.txt,2007 - nde.txt,2007 - puget sound.txt,2007 - Wildlife.txt,2008 - caiso.txt,2008 - virtual ed.txt,2009 - gaia.txt,2009 - library.txt,2009 - library2.txt,2009 - peppol.txt,2009 - video search.txt,2009 - warc III.txt,2010 - blit draft.txt,2010 - fishing.txt,2010 - home 1.3.txt,2010 - mashboot.txt,2010 - split merge.txt,2011 - CCHIT.txt,2011 - KMS.txt,2012 - EMR CCHCS EA.txt,2012 - EMR CCHCS ISO.txt,2012 - EMR CCHIT LT.txt,2012 - EMR HHS.txt,2012 - EMR HL7 DC.txt,2012 - EMR HL7 IN.txt,2012 - EMR Pharmacy.txt,2012 - NASAProcessReq.txt,2013 - iTrust.txt,2014 - Minutia.txt,2016 - FDP Clearinghouse.txt,2017 - ePhyto.txt,2017 - NISTMfgData.txt,2018 - DataWarehouse.txt,2019 - MOSAR.txt,2021 - ConnectedVehiclePilotNYC.txt,2021 - ReqView.txt,2022 - MobileSurveillance.txt,2022 - UAM IMS.txt,automated-insulin-pump.txt,EHR System FuncReq - LA DHS.txt,EHR System TechReq LA DHS.txt,light-control-system.txt,RROWDyS.txt
0000 - cctns.txt,0.9999999403953552,0.7755290269851685,0.7296459674835205,0.7275292873382568,0.6991218328475952,0.817889928817749,0.7959774732589722,0.7028619647026062,0.8016563653945923,0.6964624524116516,0.7315309643745422,0.7558706998825073,0.8860008120536804,0.6769367456436157,0.7714529037475586,0.8188828229904175,0.7332516312599182,0.549095630645752,0.7644593715667725,0.7320123314857483,0.796337902545929,0.9036621451377869,0.754656970500946,0.8045317530632019,0.7359403371810913,0.7488187551498413,0.8168072700500488,0.7365008592605591,0.8015149831771851,0.7068135142326355,0.7277566194534302,0.7235749363899231,0.6761916875839233,0.7519632577896118,0.7091203927993774,0.8134915828704834,0.7452978491783142,0.7094390988349915,0.8852571249008179,0.7915141582489014,0.7263535857200623,0.8036878108978271,0.6402896642684937,0.7862405776977539,0.6480281949043274,0.7141715288162231,0.7966979742050171,0.6749786734580994,0.7128311991691589,0.7256078720092773,0.6909145712852478,0.6844521760940552,0.7040684223175049,0.6968231201171875,0.7584351301193237,0.8403616547584534,0.8327242732048035,0.8154521584510803,0.7114185094833374,0.6731094121932983,0.7988232970237732,0.7330628037452698,0.8244732022285461,0.727777898311615,0.7119237184524536,0.7116773128509521,0.7229362726211548,0.823571503162384,0.8015929460525513,0.7779136300086975,0.6824939250946045,0.6852588653564453,0.7575260400772095,0.762191116809845,0.8613612651824951,0.7018938660621643,0.7492156624794006,0.7328381538391113,0.6777138113975525,0.7235246896743774,0.7322947978973389,0.6729270219802856,0.7170343399047852,0.7683771848678589,0.7419743537902832,0.7214979529380798
0000 - gamma j.txt,0.7755290269851685,1.0000001192092896,0.6755244135856628,0.7159205675125122,0.7267900705337524,0.8290464282035828,0.8396542072296143,0.8645300269126892,0.8654181361198425,0.8528411984443665,0.6279144287109375,0.8386404514312744,0.790421724319458,0.7346810102462769,0.7189489603042603,0.8852937817573547,0.8626433610916138,0.6869118213653564,0.704683244228363,0.6883487701416016,0.8570677638053894,0.8213467001914978,0.8921954035758972,0.6099864840507507,0.6364227533340454,0.8866908550262451,0.8793019652366638,0.7389140725135803,0.8744443655014038,0.6796829700469971,0.6803921461105347,0.6466946005821228,0.5674605369567871,0.654005765914917,0.7360904216766357,0.8932013511657715,0.7448315024375916,0.672135055065155,0.8773147463798523,0.9003912210464478,0.698180615901947,0.7983834147453308,0.6639062166213989,0.8384761214256287,0.740853488445282,0.6554010510444641,0.9127919673919678,0.5281426310539246,0.7692190408706665,0.6502036452293396,0.7189244627952576,0.7227291464805603,0.7003253698348999,0.6361467838287354,0.5840093493461609,0.9037308692932129,0.8640658855438232,0.7799405455589294,0.6929494142532349,0.6973539590835571,0.8207547664642334,0.6394537687301636,0.9087414145469666,0.8441994190216064,0.532934308052063,0.5614984631538391,0.8341737985610962,0.8711481094360352,0.6746889352798462,0.8259108066558838,0.7767807841300964,0.7340502738952637,0.7514069080352783,0.7102636098861694,0.9138962030410767,0.7157384753227234,0.8735218048095703,0.8668218851089478,0.7108151316642761,0.7274735569953918,0.6223995685577393,0.44908973574638367,0.6850165128707886,0.6923670172691345,0.6264441013336182,0.8737536668777466
0000 - inventory.txt,0.7296459674835205,0.6755244135856628,1.0000001192092896,0.7841345071792603,0.7336099147796631,0.6925228834152222,0.6449464559555054,0.5864925384521484,0.6894009113311768,0.544126033782959,0.807128369808197,0.5928572416305542,0.7251737117767334,0.8022632598876953,0.8938431143760681,0.6860782504081726,0.59322190284729,0.7058104276657104,0.857710063457489,0.8524596095085144,0.7136566638946533,0.7182570695877075,0.6865710020065308,0.7863487005233765,0.8902506828308105,0.6277830004692078,0.6280219554901123,0.829811155796051,0.6667436957359314,0.8410900235176086,0.8244348764419556,0.8260085582733154,0.8618140816688538,0.8163737654685974,0.8180976510047913,0.707459568977356,0.8769428730010986,0.7433302402496338,0.6996284127235413,0.6853809952735901,0.685975968837738,0.6225398778915405,0.7362801432609558,0.6296574473381042,0.8072609901428223,0.8816177845001221,0.6525049209594727,0.7492894530296326,0.84273761510849,0.8595149517059326,0.8439743518829346,0.8508703112602234,0.7937745451927185,0.8399760127067566,0.8419555425643921,0.7246269583702087,0.6727452278137207,0.7217152118682861,0.9032564163208008,0.865807056427002,0.6447426080703735,0.8635473251342773,0.6912363767623901,0.6091473698616028,0.8003808856010437,0.7365971207618713,0.5911862850189209,0.6875811219215393,0.6656703352928162,0.6025687456130981,0.523488461971283,0.8468615412712097,0.8867693543434143,0.9100757241249084,0.729560136795044,0.7601139545440674,0.595160722732544,0.5895881056785583,0.8342308402061462,0.7854956984519958,0.8515099287033081,0.734382152557373,0.7381735444068909,0.8469882011413574,0.8668400049209595,0.6053215265274048
1995 - gemini.txt,0.7275292873382568,0.7159205675125122,0.7841345071792603,0.9999999403953552,0.901140034198761,0.7183406949043274,0.7224143743515015,0.7145193219184875,0.7377167344093323,0.668012261390686,0.7901446223258972,0.7208890318870544,0.6838374733924866,0.8484358191490173,0.8760477900505066,0.7134289145469666,0.713464617729187,0.7282305359840393,0.8804621696472168,0.859409511089325,0.7302615642547607,0.7589473128318787,0.7417846918106079,0.7293874621391296,0.7493783831596375,0.7165377736091614,0.7514409422874451,0.8793482780456543,0.7164127826690674,0.8204889297485352,0.840988278388977,0.7577595710754395,0.6787219047546387,0.870116651058197,0.9013482928276062,0.7371514439582825,0.8709744215011597,0.9207496643066406,0.7681519389152527,0.737887442111969,0.8701475262641907,0.7462376356124878,0.746272623538971,0.6766937375068665,0.8728044033050537,0.7476682662963867,0.7401431798934937,0.6192078590393066,0.8869121074676514,0.78200364112854,0.8824912905693054,0.892734944820404,0.9076274037361145,0.6854769587516785,0.7296817302703857,0.7642080187797546,0.7338981032371521,0.765701413154602,0.7854689955711365,0.7688075304031372,0.7408255338668823,0.763530433177948,0.7742597460746765,0.6787248253822327,0.6668114066123962,0.7522491216659546,0.7023614645004272,0.7275528311729431,0.6465991139411926,0.6889458298683167,0.6255603432655334,0.8407195210456848,0.8702191114425659,0.8228416442871094,0.7684535980224609,0.8925254344940186,0.7152684926986694,0.728282630443573,0.8386174440383911,0.9068022966384888,0.7220550179481506,0.5827889442443848,0.838030219078064,0.8426185846328735,0.8034417629241943,0.7050372362136841
1995 - Landsat7.txt,0.6991218328475952,0.7267900705337524,0.7336099147796631,0.901140034198761,1.0000001192092896,0.7595526576042175,0.7777794599533081,0.7698228359222412,0.7497009634971619,0.7317591309547424,0.7652480006217957,0.7742670774459839,0.6780626773834229,0.8558247685432434,0.8335862159729004,0.738243818283081,0.7703030109405518,0.7670920491218567,0.8483797311782837,0.8113604784011841,0.727816104888916,0.745571494102478,0.7507431507110596,0.6637290716171265,0.7042178511619568,0.7403038144111633,0.7871526479721069,0.8719106316566467,0.7464824914932251,0.7879376411437988,0.8456481695175171,0.7311884164810181,0.637172281742096,0.8168711066246033,0.9187543988227844,0.7263505458831787,0.8458570241928101,0.8904790878295898,0.7707518339157104,0.7421155571937561,0.852290153503418,0.7590693235397339,0.6868639588356018,0.7432791590690613,0.8660516738891602,0.7129442691802979,0.7842695713043213,0.5887452960014343,0.8430137634277344,0.7510055899620056,0.8259595632553101,0.8316435813903809,0.8902418613433838,0.6703073978424072,0.6771523356437683,0.7710751295089722,0.772836446762085,0.7612370252609253,0.7467659115791321,0.7468745112419128,0.7312589883804321,0.7118940353393555,0.7645936608314514,0.7104498147964478,0.6099010109901428,0.6836062669754028,0.7213157415390015,0.7372736930847168,0.6076412200927734,0.7227543592453003,0.6829872131347656,0.8300376534461975,0.851738691329956,0.8155965805053711,0.7949857711791992,0.8958337903022766,0.7478408217430115,0.7748144865036011,0.8211617469787598,0.9027261137962341,0.701870858669281,0.5495288372039795,0.8290328979492188,0.7914698123931885,0.7397207021713257,0.7483724355697632
1997 - Modis.txt,0.817889928817749,0.8290464282035828,0.6925228834152222,0.7183406949043274,0.7595526576042175,0.9999998807907104,0.8344658613204956,0.7979678511619568,0.8275940418243408,0.7912585139274597,0.7427652478218079,0.8259122371673584,0.8270350694656372,0.7392435073852539,0.7398964166641235,0.8895626068115234,0.8016713261604309,0.6697925329208374,0.7663028240203857,0.7517015933990479,0.8153473734855652,0.8736546039581299,0.8006839752197266,0.7187330722808838,0.7025270462036133,0.8172101974487305,0.8496718406677246,0.7679941654205322,0.863835334777832,0.7301764488220215,0.749205470085144,0.7496241331100464,0.6468263268470764,0.7199046015739441,0.7383625507354736,0.8289344310760498,0.7659434676170349,0.7133263945579529,0.872251033782959,0.8125838041305542,0.730802595615387,0.810676097869873,0.6229237914085388,0.8627921342849731,0.7290179133415222,0.6987969279289246,0.8475790619850159,0.6502188444137573,0.7218693494796753,0.7506174445152283,0.6822260618209839,0.6957709193229675,0.7252210378646851,0.6727269887924194,0.7004579305648804,0.8747732043266296,0.8777017593383789,0.8249984383583069,0.7044327259063721,0.7110963463783264,0.7850083112716675,0.6991050243377686,0.8609510660171509,0.7815588712692261,0.6640571355819702,0.6648290753364563,0.7787425518035889,0.8475862741470337,0.7207242846488953,0.8204689621925354,0.7121249437332153,0.7642250657081604,0.7664116621017456,0.7593990564346313,0.9000716805458069,0.7451989054679871,0.8167507648468018,0.7979618906974792,0.7058029174804688,0.7588845491409302,0.6816157102584839,0.6207107901573181,0.7142400741577148,0.7358852028846741,0.6921519041061401,0.7901038527488708
1998 - themas.txt,0.7959774732589722,0.8396542072296143,0.6449464559555054,0.7224143743515015,0.7777794599533081,0.8344658613204956,1.0,0.8692229986190796,0.8287312984466553,0.8791429996490479,0.6772091388702393,0.8901485204696655,0.7875009775161743,0.7538096308708191,0.6989589333534241,0.8791007399559021,0.9038704633712769,0.6801273822784424,0.7485162615776062,0.6973442435264587,0.8063167333602905,0.8649070262908936,0.8570322394371033,0.6172938942909241,0.6239980459213257,0.8661182522773743,0.9203041791915894,0.7525798082351685,0.8539147973060608,0.6703952550888062,0.691792368888855,0.6522306203842163,0.5673116445541382,0.6934676170349121,0.7420725226402283,0.831407904624939,0.7416458129882812,0.710545539855957,0.8812989592552185,0.8450406789779663,0.7339670062065125,0.8591347932815552,0.5992934703826904,0.8479202389717102,0.7405440211296082,0.6355123519897461,0.8790098428726196,0.5882683396339417,0.7295676469802856,0.6508769392967224,0.6908021569252014,0.6912354230880737,0.7343573570251465,0.625693142414093,0.6018748879432678,0.8686695694923401,0.8840407729148865,0.8054101467132568,0.6579886674880981,0.6797524690628052,0.8367932438850403,0.612208366394043,0.8507860898971558,0.8082167506217957,0.5695837140083313,0.5867679119110107,0.8381168842315674,0.8469470739364624,0.6847628951072693,0.8697550892829895,0.856194794178009,0.7245035767555237,0.7452081441879272,0.6952029466629028,0.8865923881530762,0.7468942999839783,0.8477960228919983,0.8829478025436401,0.7027942538261414,0.7438961267471313,0.6496921181678772,0.5341189503669739,0.6924124956130981,0.6793504953384399,0.6612241268157959,0.8790764808654785
1999 - Defense.txt,0.7028619647026062,0.8645300269126892,0.5864925384521484,0.7145193219184875,0.7698228359222412,0.7979678511619568,0.8692229986190796,1.0000001192092896,0.8509778380393982,0.9341006278991699,0.6080648899078369,0.9106476306915283,0.7095543146133423,0.7511869072914124,0.6606276035308838,0.8693975210189819,0.906197190284729,0.7334933876991272,0.6904603838920593,0.6566891670227051,0.8466163873672485,0.7969952821731567,0.8486753106117249,0.5453393459320068,0.5480918288230896,0.8923797607421875,0.9063483476638794,0.7370312213897705,0.8513994216918945,0.6502960920333862,0.6738096475601196,0.5712124705314636,0.48835644125938416,0.6508974432945251,0.7425873875617981,0.8253573179244995,0.7056946158409119,0.6955674886703491,0.8489436507225037,0.8636312484741211,0.7248243689537048,0.8453420400619507,0.5977948904037476,0.8614324331283569,0.7510541677474976,0.5764747858047485,0.8974637985229492,0.4600660800933838,0.7422610521316528,0.5856648683547974,0.673663318157196,0.675923764705658,0.7375397682189941,0.5677172541618347,0.4942745864391327,0.8582031726837158,0.8668855428695679,0.7373164892196655,0.6222125291824341,0.6342103481292725,0.8148035407066345,0.573839008808136,0.8640965223312378,0.8305416107177734,0.4701022803783417,0.5343384742736816,0.8722615242004395,0.8524432182312012,0.6261665225028992,0.8419396281242371,0.8340860605239868,0.7068845629692078,0.7146704196929932,0.6608920097351074,0.8684589266777039,0.7460592985153198,0.8956878781318665,0.9063946604728699,0.6873355507850647,0.7226903438568115,0.584417998790741,0.36328795552253723,0.6655709743499756,0.6484982967376709,0.5731923580169678,0.9017746448516846
1999 - multi-mahjong.txt,0.8016563653945923,0.8654181361198425,0.6894009113311768,0.7377167344093323,0.7497009634971619,0.8275940418243408,0.8287312984466553,0.8509778380393982,0.9999998807907104,0.8281245827674866,0.6859686374664307,0.851040244102478,0.803904116153717,0.7255333662033081,0.7357240915298462,0.8450724482536316,0.8496829271316528,0.6695659756660461,0.7286074161529541,0.7120538949966431,0.8621963858604431,0.8513363003730774,0.8593631982803345,0.6573026776313782,0.6766369342803955,0.864942729473114,0.8615540266036987,0.7502158880233765,0.8362533450126648,0.6896018385887146,0.7062615156173706,0.6970641613006592,0.6135649681091309,0.6646996736526489,0.755706787109375,0.8874468803405762,0.7417229413986206,0.7033156752586365,0.8561158180236816,0.8535361886024475,0.7392128109931946,0.8261418342590332,0.6604246497154236,0.827339768409729,0.7200990915298462,0.6737838387489319,0.8948701024055481,0.540691614151001,0.7635830640792847,0.6944646835327148,0.7062409520149231,0.7009125351905823,0.7201650142669678,0.6699219346046448,0.6275488138198853,0.8842418193817139,0.8533044457435608,0.7865088582038879,0.7036493420600891,0.7209416031837463,0.8151600360870361,0.6402366757392883,0.8722660541534424,0.7823030352592468,0.5535719394683838,0.5579510927200317,0.8156694173812866,0.848827600479126,0.673184335231781,0.7794503569602966,0.7486041188240051,0.7314603328704834,0.7299894094467163,0.7366819977760315,0.8935595750808716,0.7237696647644043,0.8428084850311279,0.8346083164215088,0.7124605178833008,0.7420448064804077,0.6518746018409729,0.5164677500724792,0.6769554615020752,0.6972628235816956,0.6850252747535706,0.8119169473648071
1999 - tcs.txt,0.6964624524116516,0.8528411984443665,0.544126033782959,0.668012261390686,0.7317591309547424,0.7912585139274597,0.8791429996490479,0.9341006278991699,0.8281245827674866,1.0,0.5781923532485962,0.9240176677703857,0.7016099691390991,0.7251935601234436,0.6073797941207886,0.8544200658798218,0.9282597899436951,0.6869891285896301,0.6474491953849792,0.6252660155296326,0.7802141308784485,0.8033267855644226,0.8463795185089111,0.5145889520645142,0.5241947174072266,0.8952590227127075,0.9150502681732178,0.7118589878082275,0.8513321876525879,0.6276743412017822,0.6526903510093689,0.5587542057037354,0.47120189666748047,0.6028792858123779,0.699432373046875,0.8218920230865479,0.6495987176895142,0.65119868516922,0.8362762928009033,0.8465681672096252,0.7013352513313293,0.8532337546348572,0.5570346117019653,0.8702689409255981,0.7112818956375122,0.5488962531089783,0.900977611541748,0.4728914201259613,0.6903240084648132,0.5642309188842773,0.6216078400611877,0.6234080791473389,0.7094324827194214,0.5467242002487183,0.46877521276474,0.8659809827804565,0.8536015152931213,0.7374070882797241,0.5872432589530945,0.6083744764328003,0.8173975348472595,0.5358152985572815,0.8561915159225464,0.7988998889923096,0.4582652747631073,0.5126515030860901,0.8847518563270569,0.8462393283843994,0.6322965025901794,0.8579509258270264,0.8346414566040039,0.6576719284057617,0.6761301159858704,0.6049140691757202,0.8519381880760193,0.7217723727226257,0.8974087834358215,0.916400134563446,0.6488474011421204,0.6987860202789307,0.5669804215431213,0.37640249729156494,0.638996422290802,0.5895989537239075,0.5579355955123901,0.9117897748947144
2000 - Barrel.txt,0.7315309643745422,0.6279144287109375,0.807128369808197,0.7901446223258972,0.7652480006217957,0.7427652478218079,0.6772091388702393,0.6080648899078369,0.6859686374664307,0.5781923532485962,0.9999998211860657,0.6477501392364502,0.7389430999755859,0.7809970378875732,0.8550024032592773,0.6795620918273926,0.6044654250144958,0.6579065918922424,0.900257408618927,0.9016056060791016,0.7111395001411438,0.757149338722229,0.6403825879096985,0.8006389737129211,0.8248341083526611,0.601176917552948,0.6637511253356934,0.8203762769699097,0.6590864658355713,0.8361243605613708,0.8354039192199707,0.8261615037918091,0.7564566135406494,0.7958177328109741,0.7733968496322632,0.6794190406799316,0.825140655040741,0.7657433748245239,0.6970997452735901,0.6437467336654663,0.72914719581604,0.6510997414588928,0.6824400424957275,0.6788433790206909,0.786696195602417,0.7972362637519836,0.6355667114257812,0.7573835253715515,0.7768242955207825,0.8855296969413757,0.7843174338340759,0.7774865627288818,0.7858819961547852,0.7647643089294434,0.8454352617263794,0.7062416076660156,0.6974548101425171,0.7391772866249084,0.7995940446853638,0.8042068481445312,0.6370645761489868,0.8089591860771179,0.6998393535614014,0.5936112403869629,0.7996736764907837,0.7340444922447205,0.5736308693885803,0.6676071286201477,0.6663981676101685,0.6098983883857727,0.5074907541275024,0.8403623700141907,0.8243706822395325,0.8542022705078125,0.7249600291252136,0.7672226428985596,0.6360983848571777,0.6152395009994507,0.7737361788749695,0.8070444464683533,0.7460043430328369,0.7877026796340942,0.7249919176101685,0.8107483983039856,0.8348187208175659,0.5754921436309814
2000 - nasa x38.txt,0.7558706998825073,0.8386404514312744,0.5928572416305542,0.7208890318870544,0.7742670774459839,0.8259122371673584,0.8901485204696655,0.9106476306915283,0.851040244102478,0.9240176677703857,0.6477501392364502,1.0,0.7469374537467957,0.7301486134529114,0.6637706160545349,0.8578635454177856,0.9162201881408691,0.6686626076698303,0.6943581104278564,0.6697550415992737,0.806222677230835,0.8430246114730835,0.8487650752067566,0.5998166799545288,0.5783814191818237,0.8794077634811401,0.9334094524383545,0.7311086058616638,0.8559049963951111,0.6378589868545532,0.6831781268119812,0.6092345118522644,0.5297411680221558,0.6467175483703613,0.7245780825614929,0.8235678672790527,0.6882310509681702,0.7093026041984558,0.8658941984176636,0.846503496170044,0.7544500827789307,0.8886126279830933,0.5889993906021118,0.8599404096603394,0.7153208255767822,0.5829485654830933,0.8977139592170715,0.5285826921463013,0.702785849571228,0.6230809688568115,0.6589258909225464,0.6508821845054626,0.714706301689148,0.5765570402145386,0.5499406456947327,0.874001145362854,0.8711100816726685,0.7652520537376404,0.6191951632499695,0.6269212961196899,0.8376755118370056,0.5786430239677429,0.8662300109863281,0.8049725294113159,0.5118642449378967,0.5559611320495605,0.8577012419700623,0.8559155464172363,0.6542032957077026,0.8665878772735596,0.8277381658554077,0.6783851385116577,0.7103697657585144,0.6626745462417603,0.8764349818229675,0.7398176193237305,0.8912012577056885,0.9145610332489014,0.6735860705375671,0.7235136032104492,0.6001574993133545,0.45291459560394287,0.6714696288108826,0.6496051549911499,0.6069283485412598,0.8829322457313538
2001 - beyond.txt,0.8860008120536804,0.790421724319458,0.7251737117767334,0.6838374733924866,0.6780626773834229,0.8270350694656372,0.7875009775161743,0.7095543146133423,0.803904116153717,0.7016099691390991,0.7389430999755859,0.7469374537467957,1.0000001192092896,0.68226557970047,0.7562050223350525,0.8276814222335815,0.7364261746406555,0.5632614493370056,0.7511494159698486,0.7441375255584717,0.8013306260108948,0.8617795705795288,0.7720374464988708,0.7577325701713562,0.7537770867347717,0.7599286437034607,0.7957307696342468,0.7193483710289001,0.81133633852005,0.6695812940597534,0.6945850253105164,0.7542213201522827,0.6197782754898071,0.6895295977592468,0.6963925957679749,0.8087508678436279,0.748803436756134,0.6596692204475403,0.8597614765167236,0.7728479504585266,0.6929027438163757,0.7566255331039429,0.6474917531013489,0.8035675287246704,0.6525116562843323,0.7108548283576965,0.7930274605751038,0.6552639603614807,0.6918638348579407,0.7549974322319031,0.6670794486999512,0.656985878944397,0.6761314272880554,0.7088667154312134,0.7555740475654602,0.8449164032936096,0.8126827478408813,0.7906723618507385,0.7087187767028809,0.704132616519928,0.7472414970397949,0.7240560054779053,0.8255311846733093,0.7211405038833618,0.6739801168441772,0.6396807432174683,0.7049640417098999,0.8105416297912598,0.7255105376243591,0.769899845123291,0.6659969091415405,0.7087289094924927,0.7509933710098267,0.7694692015647888,0.8581932783126831,0.6798220872879028,0.752912163734436,0.7278782725334167,0.6791955232620239,0.7035825848579407,0.6987345814704895,0.6604980826377869,0.6520552635192871,0.7139188647270203,0.7082324624061584,0.707787811756134
2001 - ctc network.txt,0.6769367456436157,0.7346810102462769,0.8022632598876953,0.8484358191490173,0.8558247685432434,0.7392435073852539,0.7538096308708191,0.7511869072914124,0.7255333662033081,0.7251935601234436,0.7809970378875732,0.7301486134529114,0.68226557970047,1.0,0.8228874206542969,0.7271604537963867,0.7328414916992188,0.8522945642471313,0.8663339018821716,0.8558943867683411,0.7262029051780701,0.7426269054412842,0.7438192367553711,0.6889915466308594,0.7840096950531006,0.733755886554718,0.7481971979141235,0.888606607913971,0.7172412276268005,0.8224086761474609,0.8280885815620422,0.7709043622016907,0.7359787821769714,0.8294585347175598,0.8786765933036804,0.6935979127883911,0.872053325176239,0.8108851313591003,0.740466296672821,0.7239900231361389,0.7773157954216003,0.689266562461853,0.6844855546951294,0.7268520593643188,0.9069822430610657,0.7885048985481262,0.7310914993286133,0.7012479901313782,0.8651820421218872,0.7995067238807678,0.8416284918785095,0.8528377413749695,0.8568136692047119,0.7638972401618958,0.7245448231697083,0.779190182685852,0.7308950424194336,0.7644931077957153,0.8294256925582886,0.8194745779037476,0.6905669569969177,0.7906559109687805,0.7454324960708618,0.6733911037445068,0.6813371777534485,0.7191515564918518,0.719939112663269,0.7333595156669617,0.599556028842926,0.6974905729293823,0.6610931754112244,0.8858991861343384,0.876154363155365,0.8446155786514282,0.7727989554405212,0.8542344570159912,0.7050234079360962,0.738052487373352,0.8925392627716064,0.8426100611686707,0.7785945534706116,0.6097488403320312,0.8145712614059448,0.8257893323898315,0.7832587957382202,0.7326526641845703
2001 - elsfork.txt,0.7714529037475586,0.7189489603042603,0.8938431143760681,0.8760477900505066,0.8335862159729004,0.7398964166641235,0.6989589333534241,0.6606276035308838,0.7357240915298462,0.6073797941207886,0.8550024032592773,0.6637706160545349,0.7562050223350525,0.8228874206542969,0.9999998807907104,0.7203993201255798,0.6580525636672974,0.709598958492279,0.909568727016449,0.8905981779098511,0.7533590197563171,0.7639780044555664,0.7162430286407471,0.8025696277618408,0.845694899559021,0.6773229837417603,0.7056092023849487,0.8561307787895203,0.7012901902198792,0.8607542514801025,0.8740147352218628,0.8382970094680786,0.7944509983062744,0.865210771560669,0.871249258518219,0.7595057487487793,0.8865119814872742,0.8585758805274963,0.7576637268066406,0.7244121432304382,0.7994580268859863,0.7014796733856201,0.7392407059669495,0.6754438281059265,0.8415390253067017,0.833042323589325,0.7096320986747742,0.7147268652915955,0.8695673942565918,0.8494575619697571,0.8702145218849182,0.8793994188308716,0.8362621665000916,0.7790291905403137,0.8213154077529907,0.7595900297164917,0.7353447079658508,0.7660086750984192,0.8564534783363342,0.828940212726593,0.7001317143440247,0.8635312914848328,0.7525962591171265,0.65814608335495,0.7544523477554321,0.7447012662887573,0.631823718547821,0.7160695791244507,0.6696410179138184,0.6469622850418091,0.549794614315033,0.8591066598892212,0.8958590626716614,0.904004693031311,0.7741986513137817,0.8411892056465149,0.6650732755661011,0.6798279285430908,0.8338068127632141,0.8855780363082886,0.78732830286026,0.7031100988388062,0.8129960894584656,0.8853635191917419,0.8510414361953735,0.6440842747688293
2001 - esa.txt,0.8188828229904175,0.8852937817573547,0.6860782504081726,0.7134289145469666,0.738243818283081,0.8895626068115234,0.8791007399559021,0.8693975210189819,0.8450724482536316,0.8544200658798218,0.6795620918273926,0.8578635454177856,0.8276814222335815,0.7271604537963867,0.7203993201255798,0.9999999403953552,0.8676155805587769,0.6614947319030762,0.7412799596786499,0.717789351940155,0.85142582654953,0.8668550252914429,0.8566426634788513,0.6498622298240662,0.6546480059623718,0.872652530670166,0.8845980167388916,0.7461463809013367,0.8984716534614563,0.7012958526611328,0.7095416188240051,0.6892713308334351,0.5967217087745667,0.7064290046691895,0.7231951355934143,0.8658921718597412,0.7481951713562012,0.6935364603996277,0.9011474847793579,0.876976490020752,0.7103531360626221,0.8430296182632446,0.6373879313468933,0.8827500343322754,0.7296855449676514,0.6756475567817688,0.8948541879653931,0.594260036945343,0.7333733439445496,0.6840382814407349,0.6883105039596558,0.7000834345817566,0.7282121181488037,0.6476650834083557,0.6366957426071167,0.8993870615959167,0.8872742056846619,0.7979525327682495,0.6976611018180847,0.6901472806930542,0.8508105278015137,0.6612123250961304,0.8950267434120178,0.8323811292648315,0.5984306931495667,0.6088497042655945,0.8546468019485474,0.8914196491241455,0.7088977098464966,0.8697618246078491,0.7955583333969116,0.7386823892593384,0.7596739530563354,0.7201319336891174,0.9116945266723633,0.7363148927688599,0.8849645256996155,0.8677468299865723,0.6952875852584839,0.7354266047477722,0.6653565764427185,0.5357353687286377,0.6769763827323914,0.7003472447395325,0.6575785875320435,0.8648744225502014
2001 - hats.txt,0.7332516312599182,0.8626433610916138,0.59322190284729,0.713464617729187,0.7703030109405518,0.8016713261604309,0.9038704633712769,0.906197190284729,0.8496829271316528,0.9282597899436951,0.6044654250144958,0.9162201881408691,0.7364261746406555,0.7328414916992188,0.6580525636672974,0.8676155805587769,0.9999999403953552,0.6756753921508789,0.6854989528656006,0.6545953154563904,0.8009674549102783,0.8326208591461182,0.88360196352005,0.5345893502235413,0.568809986114502,0.9071460962295532,0.9284694194793701,0.7299540638923645,0.8705278038978577,0.6468549370765686,0.6562579870223999,0.6183027625083923,0.507949948310852,0.6252632737159729,0.7411824464797974,0.855678379535675,0.7185652256011963,0.6913158297538757,0.8436922430992126,0.8670988082885742,0.7298742532730103,0.8587501049041748,0.585989773273468,0.8676086664199829,0.7356586456298828,0.5972840189933777,0.9142146110534668,0.45654675364494324,0.7366547584533691,0.6053085327148438,0.6660271286964417,0.67447429895401,0.7363796830177307,0.5985503792762756,0.5152158141136169,0.8856344223022461,0.8639493584632874,0.747623860836029,0.6280458569526672,0.6674892902374268,0.8377542495727539,0.5563140511512756,0.8599525094032288,0.8165093660354614,0.4762841761112213,0.5052192211151123,0.8722817897796631,0.8504670262336731,0.6224949359893799,0.8408131003379822,0.8625701665878296,0.7070173025131226,0.7071902751922607,0.645633339881897,0.8820974826812744,0.7399996519088745,0.8813556432723999,0.9213939905166626,0.7081702947616577,0.7364315986633301,0.5729826092720032,0.4155425429344177,0.6566941738128662,0.6294174790382385,0.6046904921531677,0.8948935270309448
2001 - npac.txt,0.549095630645752,0.6869118213653564,0.7058104276657104,0.7282305359840393,0.7670920491218567,0.6697925329208374,0.6801273822784424,0.7334933876991272,0.6695659756660461,0.6869891285896301,0.6579065918922424,0.6686626076698303,0.5632614493370056,0.8522945642471313,0.709598958492279,0.6614947319030762,0.6756753921508789,1.0,0.768325686454773,0.7155187129974365,0.6687167882919312,0.6290098428726196,0.6869083642959595,0.5439085364341736,0.6361305713653564,0.6980723142623901,0.6706303954124451,0.7890337705612183,0.6450693607330322,0.7326432466506958,0.7524673342704773,0.6138409376144409,0.6096039414405823,0.710211992263794,0.8124295473098755,0.6341280937194824,0.7825480103492737,0.702777624130249,0.6594558358192444,0.6716420650482178,0.6632930636405945,0.5807056427001953,0.620788037776947,0.6574670076370239,0.8601327538490295,0.6687290668487549,0.6698741316795349,0.5486857295036316,0.811115562915802,0.6604889035224915,0.7796990871429443,0.780795693397522,0.7755212783813477,0.6492690443992615,0.5865044593811035,0.6970217227935791,0.6649993658065796,0.6519485116004944,0.7532340288162231,0.735055685043335,0.6030325293540955,0.6745133399963379,0.6784234642982483,0.6585777997970581,0.5405388474464417,0.6144681572914124,0.6724674105644226,0.6638275980949402,0.49777379631996155,0.6172460913658142,0.633128821849823,0.8222013711929321,0.8113651275634766,0.7520955204963684,0.6936177015304565,0.8000354766845703,0.6588189601898193,0.6913180947303772,0.8031919598579407,0.728724479675293,0.6799886226654053,0.4361136555671692,0.7292123436927795,0.7351489663124084,0.6221725344657898,0.7166769504547119
2002 - evla back.txt,0.7644593715667725,0.704683244228363,0.857710063457489,0.8804621696472168,0.8483797311782837,0.7663028240203857,0.7485162615776062,0.6904603838920593,0.7286074161529541,0.6474491953849792,0.900257408618927,0.6943581104278564,0.7511494159698486,0.8663339018821716,0.909568727016449,0.7412799596786499,0.6854989528656006,0.768325686454773,0.9999999403953552,0.9471237659454346,0.746772050857544,0.7967705726623535,0.7224032878875732,0.7984628677368164,0.8657501935958862,0.6924139857292175,0.7258062958717346,0.9043758511543274,0.7060399055480957,0.8992834091186523,0.8716573715209961,0.842025876045227,0.7906218767166138,0.8820586800575256,0.8737431764602661,0.7477245926856995,0.9078009724617004,0.8359176516532898,0.7674704790115356,0.7317547798156738,0.7808020710945129,0.6841001510620117,0.7254843711853027,0.7103829383850098,0.9004845023155212,0.8671281337738037,0.7088630795478821,0.7689944505691528,0.8893836140632629,0.8790391683578491,0.8747156858444214,0.8835753798484802,0.8795192837715149,0.808600664138794,0.8467051386833191,0.7702906131744385,0.7379131317138672,0.7835320234298706,0.8801015615463257,0.8528593182563782,0.7056400179862976,0.866248607635498,0.762596070766449,0.6442986130714417,0.787936806678772,0.7884858846664429,0.661819338798523,0.7296181321144104,0.6877185106277466,0.6690431833267212,0.5851942300796509,0.9094715118408203,0.9077209830284119,0.8940931558609009,0.785267174243927,0.8408323526382446,0.6789090037345886,0.6859169006347656,0.8683433532714844,0.8714138865470886,0.8038581013679504,0.7459678053855896,0.8116496801376343,0.9040714502334595,0.8526849746704102,0.6636220812797546
2002 - evla corr.txt,0.7320123314857483,0.6883487701416016,0.8524596095085144,0.859409511089325,0.8113604784011841,0.7517015933990479,0.6973442435264587,0.6566891670227051,0.7120538949966431,0.6252660155296326,0.9016056060791016,0.6697550415992737,0.7441375255584717,0.8558943867683411,0.8905981779098511,0.717789351940155,0.6545953154563904,0.7155187129974365,0.9471237659454346,1.0,0.7270797491073608,0.7718884348869324,0.6959159970283508,0.790606677532196,0.8808749318122864,0.6488692164421082,0.7011095881462097,0.8913483619689941,0.687186598777771,0.8887225389480591,0.8517652153968811,0.8438675999641418,0.7936142086982727,0.8562213182449341,0.8394618034362793,0.7213312387466431,0.8943636417388916,0.8220266699790955,0.7376297116279602,0.7004671096801758,0.7658066153526306,0.6662290096282959,0.7404300570487976,0.6901092529296875,0.8698534965515137,0.8675493001937866,0.6752318143844604,0.7804384827613831,0.877633273601532,0.883629322052002,0.856311559677124,0.854110062122345,0.8568894863128662,0.8216010928153992,0.8416815996170044,0.743596076965332,0.7026445865631104,0.778006374835968,0.8640730381011963,0.8602777719497681,0.6762773990631104,0.86818927526474,0.7530267238616943,0.6409379243850708,0.8042895197868347,0.7810928821563721,0.632256031036377,0.7134820818901062,0.693135678768158,0.6463257074356079,0.5401918292045593,0.9033788442611694,0.876736044883728,0.8900390863418579,0.7584322690963745,0.8075829744338989,0.6690298318862915,0.6616108417510986,0.838853657245636,0.8669434189796448,0.8078166246414185,0.7499723434448242,0.7797168493270874,0.876800000667572,0.8691554069519043,0.6202940344810486
2003 - agentmom.txt,0.796337902545929,0.8570677638053894,0.7136566638946533,0.7302615642547607,0.727816104888916,0.8153473734855652,0.8063167333602905,0.8466163873672485,0.8621963858604431,0.7802141308784485,0.7111395001411438,0.806222677230835,0.8013306260108948,0.7262029051780701,0.7533590197563171,0.85142582654953,0.8009674549102783,0.6687167882919312,0.746772050857544,0.7270797491073608,1.0,0.8291504383087158,0.8570363521575928,0.6835921406745911,0.6916146278381348,0.8274295926094055,0.8296078443527222,0.7571162581443787,0.827771008014679,0.7092480063438416,0.7072464227676392,0.6860802173614502,0.6056275963783264,0.6899102926254272,0.7275291681289673,0.8628210425376892,0.7604120373725891,0.6778968572616577,0.8361196517944336,0.866021454334259,0.7140817046165466,0.7952620983123779,0.669649600982666,0.8134187459945679,0.7288650870323181,0.7021949291229248,0.8474228978157043,0.5412399768829346,0.7555573582649231,0.7112112641334534,0.7369300723075867,0.7328478097915649,0.7264013886451721,0.6740596294403076,0.6554988622665405,0.8857974410057068,0.8314337730407715,0.7609811425209045,0.7281478643417358,0.7152876257896423,0.7829393148422241,0.6686428189277649,0.8707173466682434,0.7731072306632996,0.5943509340286255,0.5847992897033691,0.7686249613761902,0.8523189425468445,0.694250226020813,0.759770393371582,0.7044393420219421,0.7472079992294312,0.7457276582717896,0.7412778735160828,0.8754029273986816,0.7057397365570068,0.8120619654655457,0.8052830100059509,0.7390761971473694,0.7074460387229919,0.6418095827102661,0.5184761881828308,0.6404625773429871,0.7192240357398987,0.6827263236045837,0.7979927062988281
2003 - pnnl.txt,0.9036621451377869,0.8213467001914978,0.7182570695877075,0.7589473128318787,0.745571494102478,0.8736546039581299,0.8649070262908936,0.7969952821731567,0.8513363003730774,0.8033267855644226,0.757149338722229,0.8430246114730835,0.8617795705795288,0.7426269054412842,0.7639780044555664,0.8668550252914429,0.8326208591461182,0.6290098428726196,0.7967705726623535,0.7718884348869324,0.8291504383087158,0.9999997615814209,0.8204933404922485,0.7667983770370483,0.7457169890403748,0.8258668780326843,0.8789849877357483,0.7981362342834473,0.8530070185661316,0.7507001161575317,0.7470101714134216,0.7482630610466003,0.6883004903793335,0.7651087641716003,0.7545074224472046,0.8607388734817505,0.7580606937408447,0.7193611264228821,0.8973920345306396,0.8376126289367676,0.750510573387146,0.8425400257110596,0.6449511051177979,0.867343544960022,0.7209776043891907,0.7254679799079895,0.855530321598053,0.6915825009346008,0.7604882121086121,0.7644057869911194,0.7113490104675293,0.7156548500061035,0.7462122440338135,0.7245766520500183,0.751544713973999,0.8959764242172241,0.8657094836235046,0.856365442276001,0.7372211217880249,0.7195639610290527,0.8387435674667358,0.7374372482299805,0.8544607162475586,0.7500321269035339,0.7183927297592163,0.6987598538398743,0.8033492565155029,0.8599247932434082,0.7867344617843628,0.8115445375442505,0.7528221011161804,0.7429176568984985,0.7704207301139832,0.7529348731040955,0.9021392464637756,0.7431160807609558,0.8107342720031738,0.8123584985733032,0.7365277409553528,0.7591797709465027,0.7152087688446045,0.6812843680381775,0.7306864261627197,0.7671266794204712,0.7431784868240356,0.7787199020385742
2003 - qheadache.txt,0.754656970500946,0.8921954035758972,0.6865710020065308,0.7417846918106079,0.7507431507110596,0.8006839752197266,0.8570322394371033,0.8486753106117249,0.8593631982803345,0.8463795185089111,0.6403825879096985,0.8487650752067566,0.7720374464988708,0.7438192367553711,0.7162430286407471,0.8566426634788513,0.88360196352005,0.6869083642959595,0.7224032878875732,0.6959159970283508,0.8570363521575928,0.8204933404922485,0.9999998807907104,0.5868440270423889,0.6572288870811462,0.8875805139541626,0.8625255227088928,0.7444890141487122,0.8352695107460022,0.6942434310913086,0.6659371256828308,0.71232670545578,0.5600646734237671,0.6657353043556213,0.7401829361915588,0.9154617786407471,0.7691885828971863,0.6690484285354614,0.8415793180465698,0.8887465596199036,0.7168380618095398,0.8050662279129028,0.6395640969276428,0.8141509890556335,0.7613929510116577,0.6825336217880249,0.8867475986480713,0.4783928394317627,0.7690189480781555,0.6733665466308594,0.7503365874290466,0.77144455909729,0.7406507134437561,0.6691867709159851,0.5765941739082336,0.9122780561447144,0.8391042351722717,0.7482924461364746,0.6980375051498413,0.7393970489501953,0.8120136260986328,0.595703125,0.892342209815979,0.7897697687149048,0.5304791927337646,0.5234624147415161,0.8268595933914185,0.8519340753555298,0.6427218914031982,0.7930263876914978,0.7828074097633362,0.7704463005065918,0.7430157661437988,0.6808530688285828,0.8998177647590637,0.7246310710906982,0.843193531036377,0.8699913024902344,0.7761874794960022,0.7315449118614197,0.626581609249115,0.47598394751548767,0.648652970790863,0.6627514362335205,0.6782540678977966,0.8592294454574585
